119,3
119,2
119,1
119,0
118,49
118,48
118,47
118,46
118,45
118,44
118,43
118,42
118,41
118,40
118,39
118,38
118,37
118,36
118,35
82,3
82,2
82,1
82,0
81,3
81,2
81,1
81,0
80,3
80,2
80,1
80,0
79,3
79,2
79,1
79,0
75,3
75,2
75,1
75,0
72,3
72,2
72,1
72,0
70,3
70,2
70,1
70,0
61,2
61,0
58,4
58,3
58,2
58,1
58,0
45,4
45,3
45,2
45,1
45,0
43,4
43,3
43,2
43,1
43,0
41,3
41,2
41,1
41,0
37,3
37,1
36,3
36,1
33,3
33,1
20,3
20,2
20,1
19,3
19,2
19,1
18,3
18,1
17,3
17,2
17,1
16,3
16,2
16,1
15,3
15,2
15,1
14,3
14,2
14,1
13,3
13,2
13,1
12,3
12,2
12,1
11,3
11,2
11,1
10,3
10,2
10,1
9,3
9,2
9,1
8,3
8,2
8,1
3,3
3,2
